B: 0) 0 1) 0 2) 0 3) 0 4) 0 5) 0 6) 0 7) 0 8) 0 9) 0    T: 0) 0 1) 0 2) 0 3) 0 4) 0 5) 0 6) 0 7) 0 8) 0 9) 0 10) 0 11) 0 
B: 0) 0 1) 0 2) 0 3) 0 4) 0 5) 0 6) 0 7) 0 8) 0 9) 0    T: 0) 0 1) 0 2) 0 3) 0 4) 0 5) 0 6) 0 7) 0 8) 0 9) 0 10) 0 11) 0 
B: 0) 0 1) 0 2) 0 3) 0 4) 0 5) 0 6) 0 7) 0 8) 0 9) 0    T: 0) 0 1) 0 2) 0 3) 0 4) 0 5) 0 6) 0 7) 0 8) 0 9) 0 10) 0 11) 0 
B: 0) 0 1) 0 2) 0 3) 0 4) 0 5) 0 6) 0 7) 0 8) 0 9) 0    T: 0) 0 1) 0 2) 0 3) 0 4) 0 5) 0 6) 0 7) 0 8) 0 9) 0 10) 0 11) 0 
B: 0) 0 1) 0 2) 0 3) 0 4) 0 5) 0 6) 0 7) 0 8) 0 9) 0    T: 0) 0 1) 0 2) 0 3) 0 4) 0 5) 0 6) 0 7) 0 8) 0 9) 0 10) 0 11) 0 
B: 0) 0 1) 0 2) 0 3) 0 4) 0 5) 0 6) 0 7) 0 8) 0 9) 0    T: 0) 0 1) 0 2) 0 3) 0 4) 0 5) 0 6) 0 7) 0 8) 0 9) 0 10) 0 11) 0 
B: 0) 0 1) 0 2) 0 3) 0 4) 0 5) 0 6) 0 7) 0 8) 0 9) 0    T: 0) 0 1) 0 2) 0 3) 0 4) 0 5) 0 6) 0 7) 0 8) 0 9) 0 10) 0 11) 0 
B: 0) 0 1) 0 2) 0 3) 0 4) 0 5) 0 6) 0 7) 0 8) 0 9) 0    T: 0) 0 1) 0 2) 0 3) 0 4) 0 5) 0 6) 0 7) 0 8) 0 9) 0 10) 0 11) 0 
B: 0) 0 1) 0 2) 0 3) 0 4) 0 5) 0 6) 0 7) 0 8) 0 9) 0    T: 0) 0 1) 0 2) 0 3) 0 4) 0 5) 0 6) 0 7) 0 8) 0 9) 0 10) 0 11) 0 
B: 0) 0 1) 0 2) 0 3) 0 4) 0 5) 0 6) 0 7) 0 8) 0 9) 0    T: 0) 0 1) 0 2) 0 3) 0 4) 0 5) 0 6) 0 7) 0 8) 0 9) 0 10) 0 11) 0 
B: 0) 0 1) 0 2) 0 3) 0 4) 0 5) 0 6) 0 7) 0 8) 0 9) 0    T: 0) 0 1) 0 2) 0 3) 0 4) 0 5) 0 6) 0 7) 0 8) 0 9) 0 10) 0 11) 0 
B: 0) 0 1) 0 2) 0 3) 0 4) 0 5) 0 6) 0 7) 0 8) 0 9) 0    T: 0) 0 1) 0 2) 0 3) 0 4) 0 5) 0 6) 0 7) 0 8) 0 9) 0 10) 0 11) 0 
B: 0) 1 1) 1 2) 0 3) 0 4) 0 5) 0 6) 0 7) 0 8) 0 9) 0    T: 0) 0 1) 0 2) 0 3) 0 4) 0 5) 0 6) 0 7) 0 8) 0 9) 0 10) 0 11) 0 
B: 0) 12 1) 12 2) 0 3) 0 4) 0 5) 0 6) 0 7) 0 8) 0 9) 0    T: 0) 0 1) 0 2) 0 3) 0 4) 0 5) 0 6) 0 7) 0 8) 0 9) 0 10) 0 11) 0 
B: 0) 168 1) 168 2) 0 3) 0 4) 0 5) 0 6) 0 7) 0 8) 0 9) 0    T: 0) 0 1) 0 2) 0 3) 0 4) 0 5) 0 6) 0 7) 0 8) 0 9) 0 10) 0 11) 0 
B: 0) 0 1) 0 2) 5 3) 21 4) 0 5) 0 6) 0 7) 0 8) 0 9) 0    T: 0) 0 1) 0 2) 0 3) 0 4) 0 5) 0 6) 0 7) 0 8) 0 9) 0 10) 0 11) 0 
B: 0) 0 1) 0 2) 192 3) 192 4) 0 5) 2 6) 0 7) 0 8) 0 9) 0    T: 0) 0 1) 0 2) 0 3) 0 4) 0 5) 0 6) 0 7) 0 8) 0 9) 0 10) 0 11) 0 
B: 0) 0 1) 0 2) 0 3) 0 4) 88 5) 88 6) 0 7) 0 8) 0 9) 0    T: 0) 0 1) 0 2) 0 3) 0 4) 0 5) 0 6) 0 7) 0 8) 0 9) 0 10) 0 11) 0 
B: 0) 0 1) 0 2) 0 3) 0 4) 0 5) 0 6) 12 7) 12 8) 0 9) 0    T: 0) 0 1) 0 2) 0 3) 0 4) 0 5) 0 6) 0 7) 0 8) 0 9) 0 10) 0 11) 0 
B: 0) 0 1) 0 2) 0 3) 0 4) 0 5) 0 6) 128 7) 128 8) 1 9) 5    T: 0) 0 1) 0 2) 0 3) 0 4) 0 5) 0 6) 0 7) 0 8) 0 9) 0 10) 0 11) 0 
B: 0) 0 1) 0 2) 0 3) 0 4) 0 5) 0 6) 0 7) 0 8) 80 9) 208    T: 0) 0 1) 0 2) 0 3) 0 4) 0 5) 0 6) 0 7) 0 8) 0 9) 0 10) 0 11) 0 
B: 0) 0 1) 0 2) 0 3) 0 4) 0 5) 0 6) 0 7) 0 8) 0 9) 0    T: 0) 24 1) 26 2) 0 3) 0 4) 0 5) 0 6) 0 7) 0 8) 0 9) 0 10) 0 11) 0 
B: 0) 0 1) 0 2) 0 3) 0 4) 0 5) 0 6) 0 7) 0 8) 0 9) 0    T: 0) 0 1) 0 2) 5 3) 5 4) 0 5) 0 6) 0 7) 0 8) 0 9) 0 10) 0 11) 0 
B: 0) 0 1) 0 2) 0 3) 0 4) 0 5) 0 6) 0 7) 0 8) 0 9) 0    T: 0) 0 1) 0 2) 160 3) 160 4) 1 5) 1 6) 0 7) 0 8) 0 9) 0 10) 0 11) 0 
B: 0) 0 1) 0 2) 0 3) 0 4) 0 5) 0 6) 0 7) 0 8) 0 9) 0    T: 0) 0 1) 0 2) 0 3) 0 4) 80 5) 80 6) 0 7) 0 8) 0 9) 0 10) 0 11) 0 
B: 0) 0 1) 0 2) 0 3) 0 4) 0 5) 0 6) 0 7) 0 8) 0 9) 0    T: 0) 0 1) 0 2) 0 3) 0 4) 0 5) 0 6) 26 7) 26 8) 0 9) 0 10) 0 11) 0 
B: 0) 0 1) 0 2) 0 3) 0 4) 0 5) 0 6) 0 7) 0 8) 0 9) 0    T: 0) 0 1) 0 2) 0 3) 0 4) 0 5) 0 6) 0 7) 0 8) 5 9) 13 10) 0 11) 0 
B: 0) 0 1) 0 2) 0 3) 0 4) 0 5) 0 6) 0 7) 0 8) 0 9) 0    T: 0) 0 1) 0 2) 0 3) 0 4) 0 5) 0 6) 0 7) 0 8) 128 9) 128 10) 5 11) 5 
B: 0) 0 1) 0 2) 0 3) 0 4) 0 5) 0 6) 0 7) 0 8) 0 9) 0    T: 0) 0 1) 0 2) 0 3) 0 4) 0 5) 0 6) 0 7) 0 8) 0 9) 0 10) 80 11) 80 
B: 0) 0 1) 0 2) 0 3) 0 4) 0 5) 0 6) 0 7) 0 8) 0 9) 0    T: 0) 0 1) 0 2) 0 3) 0 4) 0 5) 0 6) 0 7) 0 8) 0 9) 0 10) 128 11) 128 
B: 0) 0 1) 0 2) 0 3) 0 4) 0 5) 0 6) 0 7) 0 8) 0 9) 0    T: 0) 0 1) 0 2) 0 3) 0 4) 0 5) 0 6) 0 7) 0 8) 0 9) 0 10) 0 11) 0 
B: 0) 0 1) 0 2) 0 3) 0 4) 0 5) 0 6) 0 7) 0 8) 0 9) 0    T: 0) 0 1) 0 2) 0 3) 0 4) 0 5) 0 6) 0 7) 0 8) 0 9) 0 10) 0 11) 0 
B: 0) 0 1) 0 2) 0 3) 0 4) 0 5) 0 6) 0 7) 0 8) 0 9) 0    T: 0) 0 1) 0 2) 0 3) 0 4) 0 5) 0 6) 0 7) 0 8) 0 9) 0 10) 0 11) 0 
B: 0) 0 1) 0 2) 0 3) 0 4) 0 5) 0 6) 0 7) 0 8) 0 9) 0    T: 0) 0 1) 0 2) 0 3) 0 4) 0 5) 0 6) 0 7) 0 8) 0 9) 0 10) 0 11) 0 
B: 0) 0 1) 0 2) 0 3) 0 4) 0 5) 0 6) 0 7) 0 8) 0 9) 0    T: 0) 0 1) 0 2) 0 3) 0 4) 0 5) 0 6) 0 7) 0 8) 0 9) 0 10) 0 11) 0 
B: 0) 0 1) 0 2) 0 3) 0 4) 0 5) 0 6) 0 7) 0 8) 0 9) 0    T: 0) 0 1) 0 2) 0 3) 0 4) 0 5) 0 6) 0 7) 0 8) 0 9) 0 10) 0 11) 0 
B: 0) 0 1) 0 2) 0 3) 0 4) 0 5) 0 6) 0 7) 0 8) 0 9) 0    T: 0) 0 1) 0 2) 0 3) 0 4) 0 5) 0 6) 0 7) 0 8) 0 9) 0 10) 0 11) 0 
B: 0) 0 1) 0 2) 0 3) 0 4) 0 5) 0 6) 0 7) 0 8) 0 9) 0    T: 0) 0 1) 0 2) 0 3) 0 4) 0 5) 0 6) 0 7) 0 8) 0 9) 0 10) 0 11) 0 
B: 0) 0 1) 0 2) 0 3) 0 4) 0 5) 0 6) 0 7) 0 8) 0 9) 0    T: 0) 0 1) 0 2) 0 3) 0 4) 0 5) 0 6) 0 7) 0 8) 0 9) 0 10) 0 11) 0 
B: 0) 0 1) 0 2) 0 3) 0 4) 0 5) 0 6) 0 7) 0 8) 0 9) 0    T: 0) 0 1) 0 2) 0 3) 0 4) 0 5) 0 6) 0 7) 0 8) 0 9) 0 10) 0 11) 0 
